0,575804741764421
0,409084575199745
0,40284054113362
0,396770184787167
0,39082236388526
0,384994560457081
0,379284333459495
0,373689301539117
0,368207140652924
0,362835581835811
0,35757240910111
0,352415457465231
0,347362611088132
0,342411801521889
0,337561006060131
0,332808246181611
0,328151586081595
0,323589131285208
0,319119027337223
0,316686789437494
0,314708165090139
0,312769498012093
0,310869997967291
0,309008891498455
0,307185421408332
0,305398846268476
0,303648439953748
0,301933491200822
0,300253303189105
0,298607193142577
0,296994491951175
0,295414543810418
0,293866705878067
0,292350347946699
0,290864852131142
0,289409612569798
0,287984035138936
0,286587537179118
0,285219547232955
0,283879504793465
0,282566860062361
0,281281073717598
0,280021616689623
0,278787969945767
0,277579624282243
0,276396080123312
0,275236847327151
0,274101444998016
0,27298940130432
0,271900253302278
0,270833546764781
0,269788836015198
0,268765683765828
0,267763660960729
0,266782346622697
0,265821327704148
0,264880198941722
0,263958562714379
0,263056028904855
0,262172214764266
0,261306744779734
0,260459250544886
0,259629370633092
0,258816750473324
0,258021042228519
0,257241904676344
0,256479003092266
0,25573200913484
0,255000600733126
0,25428446197616
0,253583283004416
0,25289675990318
0,252224594597785
0,251566494750648
0,250922173660041
0,250291350160585
0,249673748525375
0,249069098369721
0,248477134556467
0,247897597102838
0,247330231088785
0,246774786566798
0,24623101847316
0,245698686540596
0,245177555212324
0,244667393557438
0,244167975187638
0,24367907817527
0,243200484972641
0,242731982332612
0,242273361230437
0,241824416786826
0,241384948192224
0,240954758632278
0,24053365521449
0,240121448896024
0,239717954412655
0,239322990208862
0,238936378369023
0,238557944549716
0,238187517913115
0,237824931061446
0,237470019972519
0,23712262393629
0,236782585492472
0,236449750369164
0,236123967422485
0,235805088577202
0,235492968768358
0,235187465883849
0,234888440707984
0,234595756865973
0,234309280769368
0,234028881562416
0,233754431069327
0,233485803742452
0,23322287661134
0,232965529232673
0,232713643641078
0,232467104300778
0,232225798058105
0,231989614094825
0,231758443882305
0,23153218113647
0,231310721773581
0,231093963866772
0,230881807603396
0,230674155243109
0,23047091107673
0,230271981385826
0,230077274403049
0,229886700273185
0,229700171014911
0,229517600483266
0,229338904332806
0,229163999981434
0,228992806574914
0,228825244952032
0,228661237610412
0,228500708672977
0,228343583855024
0,228189790431942
0,228039257207517
0,227891914482852
0,22774769402587
0,227606529041404
0,227468354141851
0,227333105318393
0,227200719912774
0,227071136589609
0,226944295309243
0,226820137301117
0,226698605037672
0,22657964220874
0,226463193696453
0,22634920555062
0,226237624964613
0,226128400251703
0,226021480821874
0,225916817159089
0,225814360799015
0,225714064307167
0,225615881257515
0,225519766211485
0,225425674697407
0,225333563190351
0,22524338909238
0,225155110713189
0,225068687251137
0,224984078774663
0,224901246204069
0,22482015129367
0,22474075661432
0,224663025536262
0,22458692221236
0,224512411561643
0,224439459253195
0,22436803169038
0,224298095995369
0,224229619994
0,224162572200943
0,224096921805162
0,224032638655685
0,223969693247653
0,223908056708671
0,223847700785425
0,223788597830585
0,223730720789971
0,223674043189989
0,223618539125324
0,223564183246889
0,223510950750014
0,2234588173629
0,223407759335292
0,2233577534274
0,223308776899041
0,223260807499017
0,223213823454707
0,223167803461876
0,223122726674702
0,223078572696005
0,223035321567684
0,222992953761351
0,22295145016917
0,222910792094869
0,222870961244964
0,22283193972015
0,222793710006878
0,222756254969111
0,22271955784025
0,222683602215233
0,222648372042801
0,222613851617918
0,222580025574367
0,222546878877487
0,222514396817068
0,222482565000404
0,222451369345482
0,222420796074318
0,222390831706439
0,222361463052498
0,222332677208025
0,222304461547315
0,222276803717434
0,222249691632369
0,222223113467287
0,222197057652928
0,222171512870105
0,22214646804433
0,222121912340557
0,222097835158022
0,222074226125211
0,222051075094919
0,222028372139431
0,222006107545791
0,221984271811174
0,22196285563837
0,221941849931349
0,221921245790927
0,221901034510521
0,221881207572009
0,221861756641653
0,221842673566132
0,221823950368651
0,22180557924513
0,221787552560484
0,22176986284497
0,221752502790623
0,221735465247767
0,221718743221592
0,221702329868816
0,221686218494413
0,221670402548406
0,22165487562274
0,221639631448217
0,221624663891491
0,221609966952136
0,221595534759776
0,221581361571268
0,221567441767959
0,221553769852991
0,221540340448667
0,221527148293879
0,221514188241582
0,22150145525633
0,221488944411863
0,221476650888739
0,221464569972033
0,221452697049068
0,221441027607206
0,221429557231682
0,221418281603485
0,221407196497291
0,221396297779424
0,221385581405884
0,221375043420401
0,221364679952528
0,221354487215796
0,221344461505888
0,22133459919886
0,221324896749397
0,221315350689122
0,221305957624915
0,221296714237291
0,221287617278801
0,221278663572476
0,221269850010295
0,22126117355169
0,221252631222093
0,221244220111493
0,221235937373047
0,221227780221704
0,221219745932875
0,221211831841108
0,221204035338819
0,221196353875031
0,221188784954145
0,221181326134748
0,221173975028429
0,221166729298632
0,221159586659534
0,221152544874942
0,22114560175722
0,22113875516623
0,221132003008308
0,221125343235251
0,221118773843335
0,221112292872348
0,221105898404644
0,221099588564224
0,221093361515828
0,221087215464055
0,221081148652495
0,221075159362882
0,221069245914274
0,221063406662233
0,221057639998039
0,221051944347912
0,221046318172256
0,221040759964916
0,221035268252449
0,22102984159342
0,221024478577705
0,221019177825809
0,2210139379882
0,221008757744668
0,221003635803674
0,220998570901742
0,220993561802839
0,220988607297782
0,220983706203661
0,22097885736326
0,220974059644504
0,22096931193991
0,22096461316606
0,220959962263069
0,22095535819408
0,220950799944762
0,220946286522821
0,220941816957521
0,22093739029922
0,220933005618903
0,220928662007743
0,220924358576658
0,220920094455883
0,22091586879455
0,220911680760279
0,220907529538772
0,22090341433343
0,220899334364957
0,220895288870992
0,220891277105737
0,2208872983396
0,220883351858842
0,220879436965229
0,220875552975702
0,220871699222045
0,220867875050556
0,220864079821743
0,220860312910004
0,220856573703334
0,220852861603027
0,220849176023384
0,220845516391433
0,220841882146651
0,220838272740698
0,220834687637147
0,220831126311225
0,220827588249566
0,220824072949956
0,220820579921096
0,220817108682359
0,220813658763565
0,220810229704749
0,220806821055942
0,220803432376951
0,220800063237148
0,220796713215263
0,220793381899181
0,220790068885739
0,220786773780536
0,220783496197741
0,220780235759905
0,220776992097783
0,220773764850152
0,220770553663638
0,220767358192545
0,220764178098689
0,220761013051233
0,220757862726531
0,220754726807966
0,220751604985804
0,220748496957036
0,220745402425242
0,220742321100441
0,220739252698949
0,220736196943252
0,220733153561859
0,220730122289182
0,220727102865402
0,220724095036347
0,220721098553364
0,220718113173203
0,220715138657902
0,220712174774665
0,220709221295754
0,220706277998385
0,220703344664604
0,2207004210812
0,220697507039591
0,220694602335725
0,220691706769987
0,220688820147093
0,220685942276006
0,220683072969836
0,220680212045755
0,220677359324906
0,220674514632315
0,220671677796812
0,220668848650944
0,220666027030894
0,220663212776406
0,220660405730703
0,220657605740412
0,220654812655496
0,220652026329172
0,220649246617846
0,220646473381044
0,220643706481343
0,220640945784305
0,220638191158408
0,220635442474992
0,220632699608186
0,220629962434857
0,22062723083454
0,220624504689394
0,220621783884129
0,220619068305962
0,220616357844562
0,220613652391987
0,220610951842645
0,220608256093232
0,22060556504269
0,220602878592155
0,220600196644907
0,220597519106327
0,220594845883851
0,220592176886923
0,220589512026955
0,22058685121728
0,220584194373113
0,22058154141151
0,220578892251325
0,220576246813176
0,220573605019403
0,220570966794031
0,220568332062735
0,220565700752799
0,220563072793093
0,220560448114022
0,220557826647508
0,220555208326944
0,220552593087173
0,22054998086445
0,220547371596413
0,220544765222053
0,220542161681684
0,220539560916916
0,220536962870625
0,220534367486927
0,220531774711147
0,2205291844898
0,22052659677056
0,220524011502232
0,220521428634736
0,220518848119076
0,220516269907319
0,22051369395257
0,220511120208952
0,220508548631582
0,220505979176553
0,220503411800903
0,220500846462609
0,220498283120554
0,220495721734513
0,220493162265135
0,220490604673919
0,2204880489232
0,220485494976129
0,220482942796655
0,220480392349508
0,220477843600182
0,220475296514919
0,220472751060693
0,220470207205191
0,220467664916803
0,220465124164602
0,220462584918328
0,220460047148383
0,220457510825802
0,220454975922254
0,220452442410015
0,220449910261967
0,220447379451577
0,220444849952882
0,220442321740488
0,220439794789544
0,220437269075743
0,220434744575298
0,22043222126494
0,220429699121905
0,220427178123915
0,220424658249181
0,220422139476379
0,220419621784651
0,220417105153588
0,220414589563221
0,220412074994015
0,220409561426857
0,220407048843044
0,22040453722428
0,220402026552666
0,220399516810683
0,2203970079812
0,220394500047447
0,220391992993022
0,220389486801873
0,220386981458299
0,220384476946937
0,22038197325275
0,220379470361033
0,220376968257395
0,220374466927754
0,220371966358336
0,22036946653566
0,220366967446539
0,220364469078067
0,220361971417619
0,220359474452842
0,220356978171647
0,220354482562208
0,220351987612953
0,22034949331256
0,220346999649948
0,220344506614278
0,220342014194944
0,220339522381567
0,220337031163991
0,220334540532281
0,220332050476714
0,220329560987776
0,220327072056159
0,220324583672754
0,220322095828649
0,220319608515123
0,220317121723641
0,220314635445854
0,220312149673591
0,220309664398856
0,220307179613826
0,220304695310847
0,220302211482425
0,220299728121232
0,220297245220092
0,220294762771991
0,220292280770055
0,220289799207566
0,220287318077944
0,220284837374756
0,220282357091702
0,220279877222619
0,220277397761475
0,220274918702369
0,220272440039524
0,220269961767288
0,220267483880131
0,220265006372639
0,220262529239515
0,220260052475576
0,220257576075747
0,220255100035066
0,220252624348673
0,220250149011812
0,220247674019832
0,220245199368176
0,220242725052391
0,220240251068113
0,220237777411072
0,220235304077094
0,220232831062087
0,220230358362051
0,22022788597307
0,22022541389131
0,22022294211302
0,22022047063453
0,220217999452244
0,220215528562648
0,220213057962297
0,220210587647824
0,22020811761593

Tail
0,0158777747271288
MAE
0,136622963504244
