2,84433399923004
2,18352590261058
2,0032553339302
1,91550279955866
1,84811590962125
1,78752178649153
1,73102188794122
1,67794536309406
1,62800780001091
1,58100619579626
1,53676177671057
1,49510882514197
1,45589207681353
1,41896574238792
1,38419286277364
1,35144475648691
1,32060051219219
1,29154651586305
1,26417600892674
1,23838867522064
1,21409025504405
1,1911921848682
1,16961126154134
1,14926933014686
1,13009299508878
1,11201335456061
1,09496575942487
1,07888959891835
1,0637281179379
1,0494282748325
1,03594065651332
1,02321948361241
1,01122277315217
0,999912809597626
0,989257302012683
0,979232336748884
0,96983127962434
0,961103582886725
0,953770838765598
0,945632655013552
0,937923944143807
0,93060722197432
0,923659789984199
0,917063125046745
0,910799496570143
0,904851530034729
0,899202319562968
0,893835563184865
0,888735646314226
0,883887681289782
0,879277518157517
0,874891737760057
0,870717634171016
0,866743190846298
0,862957053226164
0,85934849952102
0,855907410793362
0,852624241055724
0,84948998785108
0,846496163615324
0,843634768010263
0,840898261340038
0,838279539112517
0,83577190777177
0,833369061603652
0,831065060799986
0,828854310656433
0,82673154187354
0,824691791931886
0,82273038753454
0,820842928362984
0,81902526769031
0,817273498186214
0,815583944132963
0,813953144654872
0,812377840607767
0,810854962906413
0,809381621498647
0,807955094936753
0,806572820532635
0,805232385074479
0,803931516077773
0,802668073542387
0,801440042187964
0,800245524140858
0,799082732047101
0,797949982587121
0,796845690369205
0,795768362180032
0,794716591571595
0,793689053765172
0,79268450085394
0,7917017572869
0,790739715617831
0,789797332503758
0,788873624938471
0,787967666707336
0,787078585050513
0,786205557522329
0,785347809035416
0,784504609078738
0,7836752690993
0,782859140037996
0,782055610010531
0,781264102124839
0,780484072427107
0,7797150079687
0,778956424986991
0,778207867193336
0,777468904161921
0,77673912981354
0,776018160988661
0,775305636104627
0,774601213891934
0,773904572204981
0,773215406902931
0,77253343079641
0,771858372656386
0,77118997628136
0,770527999619533
0,769872213942692
0,769222403068727
0,768578362629997
0,767939899384715
0,767306830568935
0,766678983286661
0,766056193935883
0,765438307668372
0,764825177881295
0,764216665738718
0,763612639721285
0,763012975202371
0,76241755404915
0,76182626424716
0,761238999546879
0,760655659131128
0,760076147301975
0,75950037318605
0,758928250457159
0,758359697075199
0,75779463504035
0,757232990161752
0,75667469183969
0,756119672860604
0,755567869204059
0,755019219861073
0,754473666663054
0,753931154120748
0,753391629272648
0,752855041542231
0,752321342603551
0,751790486254705
0,751262428298656
0,750737126431035
0,750214540134498
0,749694630579217
0,749177360529189
0,748662694253989
0,748150597445667
0,747641037140478
0,747133981645162
0,746629400467495
0,746127264250881
0,745627544712741
0,745130214586454
0,74463524756667
0,744142618257804
0,743652302125467
0,743164275450732
0,742678515287033
0,74219499941954
0,741713706326855
0,741234615144962
0,740757705633195
0,740282958142176
0,739810353583601
0,739339873401731
0,738871499546536
0,738405214448351
0,737941000993994
0,737478842504214
0,737018722712456
0,736560625744804
0,736104536101059
0,735650438636904
0,735198318547061
0,734748161349388
0,73429995286989
0,733853679228555
0,733409326825982
0,732966882330772
0,73252633266759
0,732087665005927
0,731650866749441
0,731215925525929
0,73078282917783
0,730351565753246
0,729922123497468
0,72949449084495
0,729068656411739
0,728644608988298
0,728222337532719
0,727801831164313
0,727383079157542
0,72696607093626
0,726550796068265
0,72613724426017
0,725725405352503
0,725315269315091
0,724906826242666
0,724500066350732
0,724094979971611
0,723691557550711
0,723289789642998
0,722889666909603
0,72249118011467
0,72209432012229
0,721699077893664
0,72130544448432
0,720913411041564
0,720522968801978
0,720134109089095
0,719746823311148
0,719361102958954
0,718976939603902
0,718594324896011
0,718213250562087
0,717833708404015
0,717455690297061
0,717079188188302
0,71670419409509
0,716330700103635
0,715958698367624
0,71558818110688
0,715219140606145
0,71485156921384
0,714485459340966
0,714120803459964
0,713757594103703
0,713395823864464
0,71303548539299
0,712676571397571
0,712319074643178
0,711962987950605
0,711608304195711
0,711255016308616
0,710903117272989
0,710552600125368
0,710203457954456
0,709855683900519
0,709509271154774
0,709164212958796
0,708820502603982
0,708478133431032
0,708137098829422
0,707797392236979
0,707459007139396
0,70712193706984
0,706786175608551
0,706451716382452
0,706118553064853
0,705786679375086
0,705456089078243
0,705126775984913
0,704798733950945
0,70447195687724
0,704146438709594
0,703822173438547
0,70349915509929
0,703177377771592
0,702856835579804
0,70253752269286
0,702219433324375
0,701902561732772
0,701586902221496
0,701272449139294
0,700959196880557
0,700647139885826
0,700336272642339
0,700026589684782
0,699718085596173
0,699410755008938
0,69910459260628
0,698799593123803
0,698495751351561
0,698193062136575
0,697891520385981
0,697591121071054
0,697291859232329
0,696993729986301
0,696696728534375
0,696400850175053
0,696106090321197
0,695812444525365
0,695519908519149
0,695228478278739
0,694938150146285
0,694648921094834
0,69436078952256
0,694073759068024
0,693787805626426
0,693502909787609
0,693219068292838
0,692936276925117
0,692654530786954
0,692373824727759
0,6920941535343
0,691815512008567
0,691537895000215
0,691261297420153
0,690985714245844
0,690711140522606
0,690437571363007
0,690165001945286
0,689893427511318
0,689622843364434
0,689353244867174
0,689084627439132
0,688816986554874
0,688550317742002
0,688284616579338
0,688019878695233
0,687756099766054
0,687493275514736
0,687231401709506
0,686970474162696
0,686710488729658
0,686451441307818
0,686193327835785
0,685936144292552
0,685679886696822
0,685424551106343
0,685170133617392
0,684916630364255
0,684664037518828
0,684412351290255
0,684161567924617
0,683911683704691
0,683662694949752
0,683414598015437
0,683167389293648
0,682921065212491
0,682675622236296
0,682431056865632
0,68218736563741
0,681944545125015
0,681702591938453
0,681461502724586
0,681221274167381
0,680981902988203
0,680743385946157
0,680505719838475
0,680268901500937
0,680032927808361
0,679797795675104
0,679563502055641
0,679330043945196
0,679097418380393
0,678865622439988
0,678634653245672
0,678404507962902
0,678175183801801
0,677946678018151
0,677718987914436
0,677492110840948
0,677266044197028
0,677040785432312
0,676816332048152
0,676592681599072
0,676369831694374
0,676147779999819
0,675926524239476
0,675706062197653
0,675486391721031
0,675267510720896
0,675049417175567
0,67483210913302
0,674615584713669
0,674399842113433
0,674184879606965
0,673970695551193
0,673757288389129
0,673544656653992
0,673332798973679
0,673121714075606
0,672911400791999
0,672701858065604
0,672493084955959
0,672285080646222
0,672077844450623
0,671871375822674
0,671665674364135
0,671460739834914
0,671256572163969
0,671053171461361
0,670850538031605
0,670648672388504
0,670447575271676
0,670247247664991
0,670047690817247
0,669848906265415
0,669650895860845
0,669453661798897
0,669257206652694
0,669061533411544
0,66886664552505
0,668672546953872
0,668479242228492
0,668286736517639
0,668095035708396
0,667904146500627
0,667714076519092
0,667524834447533
0,667336430190496
0,667148875070418
0,666962182070139
0,666776366134905
0,666591444553246
0,666407437444543
0,666224368393601
0,666042265292675
0,665861161483856
0,665681097350172
0,665502122602008
0,665324299689671
0,665147709142175
0,664972458436065
0,664798697945909
0,664626652987704
0,664456699892455
0,664289607754972
0,664128234382981
0,663949850568583
0,66376370908137
0,663575274232826
0,663385231302747
0,663193742950876
0,663000941991639
0,662806968464353
0,662611961849092
0,662416055085535
0,662219372172587
0,662022027613236
0,661824126651054
0,66162576581479
0,661427033561009
0,661228010924601
0,661028772139321
0,660829385214177
0,660629912461851
0,660430410980204
0,660230933089838
0,660031526731498
0,659832235827023
0,659633100607584
0,659434157912446
0,659235441461294
0,659036982102826
0,658838808041887
0,658640945047389
0,658443416642762
0,658246244280678
0,658049447503455
0,657853044090504
0,657657050193962
0,657461480463561
0,657266348161687
0,657071665269448
0,656877442584545
0,65668368981161
0,656490415645637
0,656297627849059
0,656105333323044
0,655913538173355
0,655722247771355
0,655531466810385
0,655341199357997
0,655151448904294
0,654962218406694
0,654773510331394
0,654585326691787
0,65439766908404
0,654210538720069
0,654023936458108
0,653837862830998
0,653652318072446
0,653467302141347
0,653282814744312
0,653098855356561
0,652915423241287
0,652732517467591
0,652550136927097
0,652368280349344
0,652186946316082
0,652006133274447
0,651825839549223
0,651646063354156
0,651466802802454
0,651288055916488
0,651109820636772
0,650932094830277
0,650754876298115
0,650578162782628
0,650401951973962
0,65022624151613
0,650051029012598
0,649876312031466
0,649702088110231
0,649528354760163
0,649355109470374
0,649182349711547
0,649010072939341
0,648838276597578
0,648666958121118
0,648496114938532
0,648325744474547
0,648155844152272
0,647986411395246
0,647817443629319
0,647648938284357
0,6474808927958
0,647313304606076
0,647146171165907
0,646979489935466
0,646813258385437
0,646647473997975
0,646482134267579
0,646317236701843
0,646152778822173
0,645988758164398
0,645825172279325
0,645662018733217
0,645499295108235
0,645336999002796
0,645175128031912
0,645013679827469
0,644852652038455
0,644692042331174
0,644531848389386
0,644372067914465
0,644212698625478
0,644053738259273
0,643895184570521
0,643737035331752
0,643579288333346
0,643421941383531
0,643264992308346
0,643108438951603
0,642952279174825
0,642796510857165
0,642641131895345
0,642486140203533
0,642331533713259
0,642177310373301
0,642023468149566
0,641870005024968
0,641716918999284
0,641564208089044
0,641411870327369
0,641259903763842
0,641108306464352
0,640957076510959
0,64080621200174
0,640655711050623
0,640505571787242
0,640355792356803
0,640206370919889
0,640057305652353
0,639908594745124
0,639760236404071
0,639612228849846
0,63946457031773
0,639317259057481
0,639170293333188
0,63902367142311
0,638877391619545
0,638731452228659
0,638585851570367
0,638440587978166
0,638295659799013
0,638151065393164
0,638006803134058
0,637862871408171
0,637719268614876
0,637575993166323
0,637433043487297
0,637290418015101
0,63714811519943
0,63700613350223
0,636864471397617
0,636723127371702
0,636582099922531
0,636441387559934
0,636300988805428
0,63616090219211
0,636021126264539
0,635881659578634
0,63574250070159
0,635603648211747
0,635465100698525
